4 0.49922665916760395 0.2992125984251969 0.03163667041619796 0.08998875140607428
3 0.49827755905511806 0.3734533183352081 0.009491001124859367 0.04274465691788521
3 0.49859392575927997 0.5028121484814398 0.011389201349831169 0.05399325084364449
2 0.6096386389201349 0.4797525309336333 0.06517154105736786 0.03937007874015748
3 0.8798158042744656 0.7913385826771653 0.05251687289088863 0.05736782902137236
0 0.9570092800899884 0.7874015748031497 0.04872047244094474 0.04499437570303713
2 0.9868883577052868 0.3194600674915636 0.026223284589426327 0.03374578177727791
2 0.8570374015748031 0.24746906636670418 0.024676602924634493 0.029246344206974157
2 0.6909448818897637 0.11698537682789652 0.007592800899887493 0.011248593925759281
2 0.7013849831271091 0.12092238470191226 0.009491001124859509 0.014623172103487061
