2 0.6143841394825647 0.06355455568053994 0.02530933633295838 0.016872890888638928
4 0.500492125984252 0.35039370078740156 0.02277840269966255 0.10686164229471316
3 0.4979611923509561 0.4285714285714286 0.006327334083239577 0.022497187851518632
3 0.4973284589426321 0.4668166479190101 0.006327334083239719 0.026996625421822244
3 0.499226659167604 0.5404949381327334 0.005061867266591662 0.025871766029246287
2 0.5558562992125984 0.6057367829021372 0.03226940382452192 0.032620922384701954
2 0.7776293588301462 0.3509561304836895 0.02530933633295845 0.03149606299212593
2 0.8367899325084364 0.2705286839145107 0.014552868391451028 0.0438695163104612
2 0.8636811023622047 0.3700787401574803 0.016451068616423044 0.058492688413948245
2 0.7197342519685038 0.8481439820022497 0.02594206974128241 0.026996625421822386
2 0.8374226659167603 0.9870641169853769 0.019614735658042833 0.025871766029246287
3 0.8364735658042745 0.9302587176602924 0.010123734533183324 0.029246344206974157
3 0.6200787401574803 0.8025871766029247 0.017716535433070887 0.012373453318335236
2 0.03037120359955005 0.4229471316085489 0.01645106861642294 0.040494938132733437
1 0.007592800899887514 0.7457817772778403 0.015185601799775027 0.2947131608548931
