1 0.49479752530933624 0.25196850393700787 0.021512935883014634 0.12373453318335209
2 0.4710700224971878 0.17660292463442068 0.013287401574803112 0.017997750281214843
2 0.5166268278965128 0.06974128233970753 0.009491001124859295 0.006749156355455579
4 0.5333942632170978 0.06524184476940383 0.01392013498312707 0.013498312710911141
2 0.5492125984251968 0.07030371203599549 0.012654668166479225 0.0078740157480315
4 0.5675618672665916 0.06411698537682789 0.01645106861642297 0.0202474690663667
4 0.733970753655793 0.13385826771653545 0.026574803149606366 0.03374578177727784
3 0.7089777840269966 0.124859392575928 0.010756467941507282 0.006749156355455561
3 0.4963793588301462 0.34983127109111367 0.014552868391451028 0.02249718785151849
3 0.4951138920134982 0.3245219347581553 0.015818335208098944 0.019122609673790834
