1 0.5109322272215973 0.156355455568054 0.01708380202474686 0.06524184476940381
2 0.5261178290213723 0.05849268841394826 0.012021934758155196 0.004499437570303711
4 0.545416197975253 0.05511811023622047 0.015185601799775057 0.013498312710911141
2 0.5587035995500562 0.05849268841394826 0.01138920134983124 0.004499437570303711
4 0.5754710348706411 0.054555680539932504 0.014552868391451099 0.02137232845894263
0 0.8602010686164229 0.3205849268841395 0.018349268841394917 0.026996625421822244
0 0.8918377390326208 0.32620922384701906 0.022145669291338523 0.02699662542182231
0 0.8927868391451068 0.3678290213723285 0.002530933633295831 0.015748031496062964
2 0.904808773903262 0.23340832395950506 0.0329021372328458 0.041619797525309324
4 0.687464848143982 0.09448818897637797 0.015818335208098944 0.02249718785151854
2 0.49574662542182224 0.12204724409448818 0.006960067491563535 0.012373453318335201
3 0.06770247469066366 0.30877390326209225 0.030371203599550062 0.01687289088863892
4 0.02847300337457816 0.21878515185601796 0.05694600674915632 0.05286839145106863
